# Created by Octave 5.1.0, Wed Dec 11 18:39:35 2019 GMT <unknown@DESKTOP-9G1IMEK>
# name: V
# type: matrix
# rows: 5
# columns: 1
 2
 3
 4
 5
 6


